-6.588629214844389514e-02 -9.959999999999999964e-01 6.035724071666871693e-02
1.350324209801358546e-02 -9.879999999999999893e-01 -1.538624790286521327e-01
1.210778045842860473e-01 -9.799999999999999822e-01 1.579245555227226927e-01
-2.313888120651391711e-01 -9.719999999999999751e-01 -4.092942280418514212e-02
2.243564209398380416e-01 -9.639999999999999680e-01 -1.427171902157069738e-01
-7.615924908964774587e-02 -9.559999999999999609e-01 2.833086104905761515e-01
-1.466930287127868049e-01 -9.479999999999999538e-01 -2.824485003094715507e-01
3.204724193055336068e-01 -9.399999999999999467e-01 1.170360135362542853e-01
-3.350366943586371993e-01 -9.319999999999999396e-01 1.382982770436323727e-01
1.620755163293164103e-01 -9.239999999999999325e-01 -3.463459643284235723e-01
1.200661813654504140e-01 -9.160000000000000364e-01 3.827899059436112306e-01
-3.624976841773668301e-01 -9.080000000000000293e-01 -2.100748175437644749e-01
4.257230997849625886e-01 -9.000000000000000222e-01 -9.359402924055951201e-02
-2.599788597379008026e-01 -8.920000000000000151e-01 3.697931752877287037e-01
-6.007706376123278513e-02 -8.840000000000000080e-01 -4.636105546790632581e-01
3.687987003451481671e-01 -8.760000000000000009e-01 3.108239350882259222e-01
-4.961401562410332478e-01 -8.679999999999999938e-01 2.051695311500098193e-02
3.617114204537653088e-01 -8.599999999999999867e-01 -3.599511749019850826e-01
-2.418315203107209571e-02 -8.519999999999999796e-01 5.229829587642813582e-01
-3.436399762436186944e-01 -8.439999999999999725e-01 -4.117955399555527918e-01
5.438289653648842314e-01 -8.359999999999999654e-01 7.317141812319623295e-02
-4.602783340972568249e-01 -8.279999999999999583e-01 3.202496762850106093e-01
1.256231292628747775e-01 -8.200000000000000622e-01 -5.584074044944272730e-01
2.901833136039047023e-01 -8.120000000000000551e-01 5.064085746764739326e-01
-5.664990356799545212e-01 -8.040000000000000480e-01 -1.807286434787842844e-01
5.494829061868020670e-01 -7.960000000000000409e-01 -2.538750397508702239e-01
-2.376882490806251358e-01 -7.880000000000000338e-01 5.679439199859319665e-01
-2.117965029235085173e-01 -7.800000000000000266e-01 -5.888482328659669918e-01
5.626463492833597702e-01 -7.720000000000000195e-01 2.957111523735745373e-01
-6.239047536852434517e-01 -7.640000000000000124e-01 1.644592907954904037e-01
3.540170321954316246e-01 -7.560000000000000053e-01 -5.505778245766339563e-01
1.124147500466987915e-01 -7.479999999999999982e-01 6.541092599649833694e-01
-5.317785781242683196e-01 -7.399999999999999911e-01 -4.118392208716059599e-01
6.789784350467978902e-01 -7.319999999999999840e-01 -5.625197544443463066e-02
-4.684289134939675914e-01 -7.239999999999999769e-01 5.063579297323792527e-01
3.405526650447990907e-03 -7.159999999999999698e-01 -6.980919727286892806e-01
4.744936581885116911e-01 -7.079999999999999627e-01 5.230600045299620415e-01
-7.110953815607929940e-01 -6.999999999999999556e-01 -6.590416013356166502e-02
5.750342693174421704e-01 -6.919999999999999485e-01 -4.364305089135674387e-01
-1.305653036137832401e-01 -6.839999999999999414e-01 7.177023766800836313e-01
-3.924779259112783913e-01 -6.759999999999999343e-01 -6.236866822951898648e-01
7.176967858360264740e-01 -6.679999999999999272e-01 1.966909342105955805e-01
-6.683907123234178460e-01 -6.599999999999999201e-01 3.430070781773959521e-01
2.635696647716163077e-01 -6.519999999999999130e-01 -7.109339152215049529e-01
2.884472414764877035e-01 -6.440000000000000169e-01 7.085634684942520023e-01
-6.973413358177110721e-01 -6.360000000000000098e-01 -3.304830727283477043e-01
7.436705933982984407e-01 -6.280000000000000027e-01 -2.292815921844196525e-01
-3.967122149350810756e-01 -6.199999999999999956e-01 6.769190634937842788e-01
-1.660424686212200462e-01 -6.119999999999999885e-01 -7.732308184586095257e-01
6.497391168808143158e-01 -6.039999999999999813e-01 4.615442340609831051e-01
-7.968201098370477631e-01 -5.959999999999999742e-01 9.930615569679060450e-02
5.242789703378464283e-01 -5.879999999999999671e-01 -6.159444465708636685e-01
2.968724997772516361e-02 -5.799999999999999600e-01 8.140753449090324390e-01
-5.757472377910851646e-01 -5.720000000000000639e-01 -5.842354989008587962e-01
8.246974692402948559e-01 -5.640000000000000568e-01 4.216733603932163593e-02
-6.407585183568333953e-01 -5.560000000000000497e-01 5.294265965676029362e-01
1.155846699153434409e-01 -5.480000000000000426e-01 -8.284540929228130235e-01
4.773256366415889462e-01 -5.400000000000000355e-01 6.932245210642088429e-01
-8.251814933790645457e-01 -5.320000000000000284e-01 -1.898723333840314498e-01
7.410476802271446228e-01 -5.240000000000000213e-01 -4.198479910991209652e-01
-2.643251311481147336e-01 -5.160000000000000142e-01 8.147859995382419340e-01
-3.574537788623354806e-01 -5.080000000000000071e-01 -7.836853934947597411e-01
7.972447397555642024e-01 -5.000000000000000000e-01 3.382319099849726562e-01
-8.206434274440660426e-01 -4.919999999999999929e-01 2.906550618737884228e-01
4.108824233176009977e-01 -4.839999999999999858e-01 -7.726057430595864028e-01
2.200108339907249355e-01 -4.759999999999999787e-01 8.514806121848610410e-01
-7.409873903086724445e-01 -4.679999999999999716e-01 -4.815741764292840177e-01
8.758130403977935075e-01 -4.599999999999999645e-01 -1.461215872798163617e-01
-5.496191880458706214e-01 -4.519999999999999574e-01 7.025772186256810103e-01
-6.962350555386835615e-02 -4.439999999999999503e-01 -8.933177304153268050e-01
6.576300890518014253e-01 -4.359999999999999432e-01 6.143506050894064208e-01
-9.037357184749876815e-01 -4.279999999999999361e-01 -8.817661396184069134e-03
6.751291090245452597e-01 -4.199999999999999289e-01 -6.064657336962442358e-01
-8.851298636366872197e-02 -4.120000000000000329e-01 9.068745509964346585e-01
-5.494657047311950482e-01 -4.040000000000000258e-01 -7.313490543675099653e-01
9.026101536299200312e-01 -3.960000000000000187e-01 1.687569570837662569e-01
-7.824442825942611313e-01 -3.880000000000000115e-01 4.870697533573113414e-01
2.488342114803853700e-01 -3.800000000000000044e-01 -8.908880598576540688e-01
4.197716723112746573e-01 -3.719999999999999973e-01 8.278935578472608192e-01
-8.717239880597558166e-01 -3.639999999999999902e-01 -3.280263535772618422e-01
8.672255744751810047e-01 -3.559999999999999831e-01 -3.481146405657082887e-01
-4.056187871247938226e-01 -3.479999999999999760e-01 8.452037621375162457e-01
-2.726861135491686072e-01 -3.399999999999999689e-01 -9.000234905142476816e-01
8.114825769702643798e-01 -3.319999999999999618e-01 4.809075038650353906e-01
-9.259289456985818623e-01 -3.239999999999999547e-01 1.941123064556000144e-01
5.532057638200271743e-01 -3.159999999999999476e-01 -7.707836161182335388e-01
1.130523219869879470e-01 -3.079999999999999405e-01 9.446455274299192517e-01
-7.233960352221894263e-01 -2.999999999999999334e-01 -6.218506060339709096e-01
9.559416533008853190e-01 -2.920000000000000373e-01 -3.019197715238221974e-02
-6.862091298168113696e-01 -2.840000000000000302e-01 6.696723304393383813e-01
5.376261349620779090e-02 -2.760000000000000231e-01 -9.596528442046411422e-01
6.100251169456869516e-01 -2.680000000000000160e-01 7.456844887051097270e-01
-9.556833677273434136e-01 -2.600000000000000089e-01 -1.380916385930861801e-01
7.997215420566021749e-01 -2.520000000000000018e-01 -5.449233479771354860e-01
-2.220683133977835455e-01 -2.439999999999999947e-01 9.440072373582015786e-01
-4.748880100292286466e-01 -2.359999999999999876e-01 -8.478121123990145502e-01
9.246685590117017517e-01 -2.279999999999999805e-01 3.049656636003847399e-01
-8.894998003317740043e-01 -2.199999999999999734e-01 4.004873346433491799e-01
3.860633066407968550e-01 -2.119999999999999662e-01 -8.977812223841474815e-01
3.223315716343858051e-01 -2.039999999999999591e-01 9.243843128957278665e-01
-8.635279407079109459e-01 -1.959999999999999520e-01 -4.646541677600179443e-01
9.521252658435385152e-01 -1.879999999999999449e-01 -2.410673726209569545e-01
-5.400510686515688219e-01 -1.799999999999999378e-01 8.221586484665222017e-01
-1.573718372721852332e-01 -1.719999999999999307e-01 -9.724454251183337616e-01
7.739882725388389506e-01 -1.639999999999999236e-01 6.115931278001282001e-01
-9.851333580372726439e-01 -1.560000000000000275e-01 7.194627775088049959e-02
6.786519133729965736e-01 -1.480000000000000204e-01 -7.193938979968975689e-01
-1.449024061288939867e-02 -1.400000000000000133e-01 9.900454701310342775e-01
-6.588113553384363774e-01 -1.320000000000000062e-01 -7.406372918488055568e-01
9.871074092604334993e-01 -1.239999999999999991e-01 1.012075223644711974e-01
-7.970029184058136096e-01 -1.159999999999999920e-01 5.927312612412271031e-01
1.874709671626871854e-01 -1.079999999999999849e-01 -9.763148244654930030e-01
5.216945499346267168e-01 -9.999999999999997780e-02 8.472513184224073068e-01
-9.577334729472192221e-01 -9.199999999999997069e-02 -2.725483347893689623e-01
8.909385132341641755e-01 -8.399999999999996358e-02 -4.462875369491033917e-01
-3.557164871752231949e-01 -7.599999999999995648e-02 9.314986745839841653e-01
-3.671365612850787663e-01 -6.799999999999994937e-02 -9.276781475100982499e-01
8.978141193881101767e-01 -5.999999999999994227e-02 4.362680449303528163e-01
-9.571450802169388927e-01 -5.199999999999993516e-02 2.849022558992990728e-01
5.135178966812392609e-01 -4.399999999999992806e-02 -8.569500392602102945e-01
2.002734998073927575e-01 -3.600000000000003197e-02 9.790784060916154496e-01
-8.092407612435309483e-01 -2.800000000000002834e-02 -5.868095008961515813e-01
9.932838797952200371e-01 -2.000000000000002123e-02 -1.139611080103857532e-01
-6.555209218081341493e-01 -1.200000000000001413e-02 7.550816651672942470e-01
-2.669131785114887273e-02 -4.000000000000007022e-03 -9.996357204258804474e-01
6.949255740431401485e-01 4.000000000000000083e-03 7.190705435079455254e-01
-9.980777797761044567e-01 1.200000000000000719e-02 -6.080086773395598776e-02
7.769224092514719349e-01 2.000000000000001429e-02 -6.292786107940491203e-01
-1.477784182949578862e-01 2.800000000000002140e-02 9.886240635783859476e-01
-5.586955598027932846e-01 3.600000000000003197e-02 -8.285911364820669478e-01
9.713586009388948117e-01 4.400000000000003908e-02 2.335090327632591278e-01
-8.736463619760314048e-01 5.200000000000004619e-02 4.837747763226656894e-01
3.172718524731983902e-01 6.000000000000005329e-02 -9.464346631586487701e-01
4.051526909556822931e-01 6.800000000000006040e-02 9.117166758436358043e-01
-9.140733391302751087e-01 7.600000000000006750e-02 -3.983640680222415020e-01
9.424930078194639904e-01 8.400000000000007461e-02 -3.234979601348663136e-01
-4.761073586514839029e-01 9.200000000000008171e-02 8.745614804219924432e-01
-2.395053168136895005e-01 1.000000000000000888e-01 -9.657314343118247324e-01
8.282490349650161177e-01 1.080000000000000959e-01 5.498541043581645082e-01
-9.812553800059409248e-01 1.160000000000001030e-01 1.538891783375177513e-01
6.189933130285244500e-01 1.240000000000001101e-01 -7.755457938935464979e-01
6.737707072372242645e-02 1.320000000000001172e-01 9.889571933813366966e-01
-7.169175814963377746e-01 1.400000000000001243e-01 -6.829562074843756880e-01
9.887990812599500856e-01 1.480000000000001315e-01 1.929706971222668738e-02
-7.412214204451945676e-01 1.560000000000001386e-01 6.528819233775798869e-01
1.053996552916884183e-01 1.639999999999999236e-01 -9.808133933957026152e-01
5.840032327427652215e-01 1.719999999999999307e-01 7.933197489953213166e-01
-9.651022540955668250e-01 1.799999999999999378e-01 -1.902042037907047678e-01
8.388384241750233006e-01 1.879999999999999449e-01 -5.108875591826089746e-01
-2.729980304469271646e-01 1.959999999999999520e-01 9.418365438716522764e-01
-4.341769483799150509e-01 2.039999999999999591e-01 -8.774248557543288252e-01
9.112542401097146749e-01 2.119999999999999662e-01 3.530888130231068511e-01
-9.087898170559504107e-01 2.199999999999999734e-01 3.545434647760584701e-01
4.298109689239938969e-01 2.279999999999999805e-01 -8.736581316468230440e-01
2.726829323709352160e-01 2.359999999999999876e-01 9.327100398267340609e-01
-8.294129279261684973e-01 2.439999999999999947e-01 -5.025317850533839170e-01
9.490301945693512264e-01 2.520000000000000018e-01 -1.893084514638990745e-01
-5.706572433335309613e-01 2.600000000000000089e-01 7.789417889874540313e-01
-1.051437512485509651e-01 2.680000000000000160e-01 -9.576642373887535031e-01
7.227223079058405775e-01 2.760000000000000231e-01 6.336374875709732679e-01
-9.585961102304634274e-01 2.840000000000000302e-01 2.091643973111023680e-02
6.909718806170250804e-01 2.920000000000000373e-01 -6.612819823619661141e-01
-6.264878656488377662e-02 3.000000000000000444e-01 9.518797873376384500e-01
-5.951932167634099713e-01 3.080000000000000515e-01 -7.422136045093922219e-01
9.376386667774350148e-01 3.160000000000000586e-01 1.448369102260680386e-01
-7.869737604610037573e-01 3.240000000000000657e-01 5.250679007003441479e-01
2.249492751884877295e-01 3.320000000000000728e-01 -9.160643119302126491e-01
4.515516134643852708e-01 3.400000000000000799e-01 8.249249301468045692e-01
-8.874145538429424329e-01 3.480000000000000870e-01 -3.023101216097989763e-01
8.558041646892586840e-01 3.560000000000000941e-01 -3.753175078523783292e-01
-3.762729127117258043e-01 3.640000000000001013e-01 8.520109712670570490e-01
-2.970599294844423199e-01 3.720000000000001084e-01 -8.794153730147650228e-01
8.102357709765135585e-01 3.800000000000001155e-01 4.462263948155628657e-01
-8.956310868027238525e-01 3.880000000000001226e-01 2.174878303551064374e-01
5.116003342278500066e-01 3.960000000000001297e-01 -7.625280965433025582e-01
1.373180372888091194e-01 4.040000000000001368e-01 9.043935850254296582e-01
-7.093797990834089795e-01 4.119999999999999218e-01 -5.718708776047110032e-01
9.057153670344240126e-01 4.199999999999999289e-01 -5.726843736037061372e-02
-6.265654859046909664e-01 4.279999999999999361e-01 6.513307085290992449e-01
2.194885684453733860e-02 4.359999999999999432e-01 -8.996789692347032519e-01
5.889634486878121411e-01 4.439999999999999503e-01 6.752673960067663295e-01
-8.864361265524928202e-01 4.519999999999999574e-01 -9.963429902705628338e-02
7.176195684923841744e-01 4.599999999999999645e-01 -5.228978436719778911e-01
-1.751075952957693305e-01 4.679999999999999716e-01 8.662062860945614062e-01
-4.537849671896032056e-01 4.759999999999999787e-01 -7.533280849355948883e-01
8.392744865680877853e-01 4.839999999999999858e-01 2.477142228372700428e-01
-7.821649632792204709e-01 4.919999999999999929e-01 3.823008896385355349e-01
3.168317209188063477e-01 5.000000000000000000e-01 -8.059886231328748929e-01
3.091401809189425753e-01 5.080000000000000071e-01 8.039703654621874751e-01
-7.667561233484506689e-01 5.160000000000000142e-01 -3.818756961468685041e-01
8.186541773683366774e-01 5.240000000000000213e-01 -2.350092293450875558e-01
-4.423054866239015670e-01 5.320000000000000284e-01 7.220400657182353132e-01
-1.606194389815759627e-01 5.400000000000000355e-01 -8.261969473565269340e-01
6.723547779885317155e-01 5.480000000000000426e-01 4.976294329277479167e-01
-8.266501760755570194e-01 5.560000000000000497e-01 8.668036914002216764e-02
5.474097076686088581e-01 5.640000000000000568e-01 -6.182609578084065083e-01
1.389288064893620146e-02 5.720000000000000639e-01 8.201359569408441796e-01
-5.603603635831542196e-01 5.800000000000000711e-01 -5.912666597441083027e-01
8.068459735392523591e-01 5.880000000000000782e-01 5.705764614401890450e-02
-6.288826342942467340e-01 5.960000000000000853e-01 4.992901283653911615e-01
1.255079568373009546e-01 6.040000000000000924e-01 -7.870398673323519834e-01
4.357167544461648112e-01 6.120000000000000995e-01 6.600052347481044634e-01
-7.610429963692671995e-01 6.200000000000001066e-01 -1.908233677443292309e-01
6.844499992437313995e-01 6.280000000000001137e-01 -3.703298509913235947e-01
-2.524039468571579459e-01 6.360000000000001208e-01 7.292436133494271111e-01
-3.038356817136876331e-01 6.440000000000001279e-01 -7.021024700979041633e-01
6.920894993918444982e-01 6.520000000000001350e-01 3.096903692909193095e-01
-7.129196419243236660e-01 6.600000000000001421e-01 2.369505943408750370e-01
3.621693871083632721e-01 6.680000000000001492e-01 -6.500840984376962117e-01
1.703944087859423362e-01 6.759999999999999343e-01 7.169307814946218604e-01
-6.037822066068728732e-01 6.839999999999999414e-01 -4.093788550779527968e-01
7.142376205930821564e-01 6.919999999999999485e-01 -1.048838468475125213e-01
-4.509122553475066186e-01 6.999999999999999556e-01 5.537852814741693885e-01
-4.112609356878733913e-02 7.079999999999999627e-01 -7.050139320806160237e-01
5.007364487996802671e-01 7.159999999999999698e-01 4.864226648126968033e-01
-6.895045093967837602e-01 7.239999999999999769e-01 -2.018740997504767098e-02
5.156261084942505013e-01 7.319999999999999840e-01 -4.453152998034936583e-01
-7.838682920357151196e-02 7.399999999999999911e-01 6.680235811761513487e-01
-3.882325923142222468e-01 7.479999999999999982e-01 -5.383042395012126446e-01
6.409527061525809311e-01 7.560000000000000053e-01 1.328293208432652084e-01
-5.543062794958846240e-01 7.640000000000000124e-01 3.302249967998036051e-01
1.829037769249299561e-01 7.720000000000000195e-01 -6.087382100596243628e-01
2.720500679782373865e-01 7.800000000000000266e-01 5.635501401943188160e-01
-5.718882474106448122e-01 7.880000000000000338e-01 -2.280347176935589582e-01
5.660226214611334683e-01 7.960000000000000409e-01 -2.144816821881680158e-01
-2.676850470126639903e-01 8.040000000000000480e-01 5.309695995119002587e-01
-1.583062736406840865e-01 8.120000000000000551e-01 -5.617785361919773734e-01
4.866043603243023763e-01 8.200000000000000622e-01 3.013572572767683755e-01
-5.509385299211566611e-01 8.280000000000000693e-01 1.043203539502942506e-01
3.285924535224435394e-01 8.360000000000000764e-01 -4.394667217072307785e-01
5.333005616961672413e-02 8.440000000000000835e-01 5.336852116266154189e-01
-3.902801634022907140e-01 8.520000000000000906e-01 -3.489661789553267224e-01
5.102569249917661143e-01 8.600000000000000977e-01 -6.153901034873500604e-03
-3.620793015889796629e-01 8.680000000000001048e-01 3.398155078286400621e-01
3.636916200589694614e-02 8.760000000000001119e-01 -4.809379212070812315e-01
2.888905691785495500e-01 8.840000000000001190e-01 3.675407991498269578e-01
-4.460425054623002872e-01 8.920000000000001261e-01 -7.336268343588280005e-02
3.649362845854597914e-01 9.000000000000001332e-01 -2.383726246718780306e-01
-1.038791976193036287e-01 9.080000000000001403e-01 4.058880539039912971e-01
-1.891859250332581233e-01 9.160000000000001474e-01 -3.537692549802910480e-01
3.607451816994267091e-01 9.239999999999999325e-01 1.268341983876894452e-01
-3.333445201196769681e-01 9.319999999999999396e-01 1.423286018556441102e-01
1.408683523586501396e-01 9.399999999999999467e-01 -3.107347861179357573e-01
9.890850685124380481e-02 9.479999999999999538e-01 3.025113341223060748e-01
-2.555795795707143103e-01 9.559999999999999609e-01 -1.440245760502593120e-01
2.589928578649616786e-01 9.639999999999999680e-01 -6.022208544163728389e-02
-1.328163852505339082e-01 9.719999999999999751e-01 1.938448034097943196e-01
-2.795135991424696140e-02 9.799999999999999822e-01 -1.970246722594515831e-01
1.192947857708425291e-01 9.879999999999999893e-01 9.810583105956939554e-02
8.935323161475465514e-02 9.959999999999999964e-01 0.000000000000000000e+00
